all WF variables for HF
{'CURRENT ENERGY': -342.7883893786175, 'CURRENT REFERENCE ENERGY': -342.7883893786175, 'DD SOLVATION ENERGY': 0.0, 'HF KINETIC ENERGY': 342.0552644771854, 'HF POTENTIAL ENERGY': -684.8436538558029, 'HF TOTAL ENERGY': -342.7883893786175, 'HF VIRIAL RATIO': 2.002143293723465, 'NUCLEAR REPULSION ENERGY': 264.7979844621679, 'ONE-ELECTRON ENERGY': -995.6389918338625, 'PCM POLARIZATION ENERGY': 0.0, 'PE ENERGY': 0.0, 'SCF ITERATION ENERGY': -342.7883893786175, 'SCF ITERATIONS': 8.0, 'SCF TOTAL ENERGY': -342.7883893786175, 'TWO-ELECTRON ENERGY': 388.05261799307704, 'CURRENT DIPOLE': array([-0.93091811, -0.38023073, -0.90163713]), 'DIPOLE': array([-0.93091811, -0.38023073, -0.90163713]), 'LOWDIN CHARGES': array([-0.5139868 , -0.1018812 ,  0.00327141, -0.48603817, -0.091119  ,
       -0.50398055,  0.35462014,  0.13904583,  0.11883645,  0.09012404,
        0.3567394 ,  0.14471324,  0.13774209,  0.35191313]), 'MBIS CHARGES': array([[-0.66351894],
       [ 0.08649101],
       [ 0.13728754],
       [-0.64070287],
       [ 0.10679058],
       [-0.64179555],
       [ 0.43980047],
       [ 0.08223482],
       [ 0.04704993],
       [ 0.01549961],
       [ 0.44588359],
       [ 0.0877773 ],
       [ 0.06779801],
       [ 0.42940153]]), 'MBIS DIPOLES': array([[ 0.02754069,  0.10122549,  0.04750554],
       [-0.06208609, -0.15373885,  0.0290766 ],
       [ 0.0841511 ,  0.15244149, -0.03324943],
       [ 0.02800855, -0.11492875,  0.0312177 ],
       [ 0.14610985,  0.049833  , -0.06220568],
       [-0.07181829,  0.07933249,  0.06952237],
       [-0.00185539, -0.00727976, -0.01591567],
       [ 0.02122711,  0.00461289,  0.05283412],
       [-0.04420215,  0.02155586, -0.02811977],
       [ 0.00095075, -0.02030621, -0.04028448],
       [-0.01157676,  0.01251613, -0.0075931 ],
       [ 0.00631607,  0.04269942,  0.04102072],
       [-0.02818879, -0.05639107, -0.00276634],
       [-0.00225932, -0.01669771, -0.01122091]]), 'MBIS OCTUPOLES': array([[[[ 3.37900928e-02,  1.15568196e-01,  4.29001281e-02],
         [ 1.15568196e-01, -1.36140492e-01,  1.18903385e-02],
         [ 4.29001281e-02,  1.18903385e-02,  1.92703584e-02]],

        [[ 1.15568196e-01, -1.36140492e-01,  1.18903385e-02],
         [-1.36140492e-01, -1.31042215e-01,  6.54035485e-02],
         [ 1.18903385e-02,  6.54035485e-02,  1.64952514e-01]],

        [[ 4.29001281e-02,  1.18903385e-02,  1.92703584e-02],
         [ 1.18903385e-02,  6.54035485e-02,  1.64952514e-01],
         [ 1.92703584e-02,  1.64952514e-01,  2.77556622e-01]]],


       [[[-3.71814720e-01, -1.44669870e-01,  1.96719991e-01],
         [-1.44669870e-01,  1.60491929e-01,  4.77142538e-03],
         [ 1.96719991e-01,  4.77142538e-03, -1.19231437e-01]],

        [[-1.44669870e-01,  1.60491929e-01,  4.77142538e-03],
         [ 1.60491929e-01,  4.30359775e-02,  3.95230154e-02],
         [ 4.77142538e-03,  3.95230154e-02, -2.44171750e-01]],

        [[ 1.96719991e-01,  4.77142538e-03, -1.19231437e-01],
         [ 4.77142538e-03,  3.95230154e-02, -2.44171750e-01],
         [-1.19231437e-01, -2.44171750e-01, -2.92646788e-02]]],


       [[[ 3.81934745e-01,  1.87349114e-01, -2.00401425e-01],
         [ 1.87349114e-01, -1.13709167e-01,  9.66424427e-02],
         [-2.00401425e-01,  9.66424427e-02,  5.69307382e-02]],

        [[ 1.87349114e-01, -1.13709167e-01,  9.66424427e-02],
         [-1.13709167e-01,  2.55785729e-03,  2.75952142e-02],
         [ 9.66424427e-02,  2.75952142e-02,  2.27477182e-01]],

        [[-2.00401425e-01,  9.66424427e-02,  5.69307382e-02],
         [ 9.66424427e-02,  2.75952142e-02,  2.27477182e-01],
         [ 5.69307382e-02,  2.27477182e-01,  4.86358128e-02]]],


       [[[ 1.13710756e-01, -1.25343966e-01,  7.04196384e-02],
         [-1.25343966e-01,  1.87098635e-01, -3.37207529e-02],
         [ 7.04196384e-02, -3.37207529e-02,  2.80084174e-02]],

        [[-1.25343966e-01,  1.87098635e-01, -3.37207529e-02],
         [ 1.87098635e-01,  8.49516808e-02,  8.20795523e-03],
         [-3.37207529e-02,  8.20795523e-03, -1.38425058e-01]],

        [[ 7.04196384e-02, -3.37207529e-02,  2.80084174e-02],
         [-3.37207529e-02,  8.20795523e-03, -1.38425058e-01],
         [ 2.80084174e-02, -1.38425058e-01,  6.43806551e-02]]],


       [[[ 2.22417484e-01, -3.92947223e-02,  2.66340770e-01],
         [-3.92947223e-02,  2.53652683e-01, -7.81551904e-02],
         [ 2.66340770e-01, -7.81551904e-02,  4.37420049e-02]],

        [[-3.92947223e-02,  2.53652683e-01, -7.81551904e-02],
         [ 2.53652683e-01,  3.26074200e-01, -5.21953092e-02],
         [-7.81551904e-02, -5.21953092e-02, -2.51904987e-02]],

        [[ 2.66340770e-01, -7.81551904e-02,  4.37420049e-02],
         [-7.81551904e-02, -5.21953092e-02, -2.51904987e-02],
         [ 4.37420049e-02, -2.51904987e-02, -2.00910702e-01]]],


       [[[ 6.45129641e-02,  1.03033062e-01, -1.22695982e-01],
         [ 1.03033062e-01, -7.67224510e-02, -1.51132976e-02],
         [-1.22695982e-01, -1.51132976e-02,  6.02200969e-02]],

        [[ 1.03033062e-01, -7.67224510e-02, -1.51132976e-02],
         [-7.67224510e-02,  2.89668043e-01,  1.70187224e-01],
         [-1.51132976e-02,  1.70187224e-01,  1.27186147e-01]],

        [[-1.22695982e-01, -1.51132976e-02,  6.02200969e-02],
         [-1.51132976e-02,  1.70187224e-01,  1.27186147e-01],
         [ 6.02200969e-02,  1.27186147e-01,  1.96665516e-01]]],


       [[[-2.47585310e-03,  5.26120613e-04, -6.21177553e-03],
         [ 5.26120613e-04, -1.31186754e-03,  2.00835569e-03],
         [-6.21177553e-03,  2.00835569e-03, -3.16022496e-03]],

        [[ 5.26120613e-04, -1.31186754e-03,  2.00835569e-03],
         [-1.31186754e-03, -2.76034566e-03, -4.35471495e-03],
         [ 2.00835569e-03, -4.35471495e-03, -7.71125552e-04]],

        [[-6.21177553e-03,  2.00835569e-03, -3.16022496e-03],
         [ 2.00835569e-03, -4.35471495e-03, -7.71125552e-04],
         [-3.16022496e-03, -7.71125552e-04, -1.30373369e-02]]],


       [[[ 3.17075727e-02, -9.83850686e-03,  1.47912679e-02],
         [-9.83850686e-03,  1.52169161e-02, -2.72493595e-03],
         [ 1.47912679e-02, -2.72493595e-03,  5.55055881e-03]],

        [[-9.83850686e-03,  1.52169161e-02, -2.72493595e-03],
         [ 1.52169161e-02, -1.94186570e-02,  1.13427590e-02],
         [-2.72493595e-03,  1.13427590e-02, -4.85487553e-03]],

        [[ 1.47912679e-02, -2.72493595e-03,  5.55055881e-03],
         [-2.72493595e-03,  1.13427590e-02, -4.85487553e-03],
         [ 5.55055881e-03, -4.85487553e-03,  3.32073261e-02]]],


       [[[-3.92953794e-02,  1.76534571e-04, -2.00127155e-03],
         [ 1.76534571e-04, -7.58121868e-03, -1.31951992e-03],
         [-2.00127155e-03, -1.31951992e-03, -1.25489191e-02]],

        [[ 1.76534571e-04, -7.58121868e-03, -1.31951992e-03],
         [-7.58121868e-03, -1.57382663e-03, -6.99363869e-03],
         [-1.31951992e-03, -6.99363869e-03, -7.30209124e-03]],

        [[-2.00127155e-03, -1.31951992e-03, -1.25489191e-02],
         [-1.31951992e-03, -6.99363869e-03, -7.30209124e-03],
         [-1.25489191e-02, -7.30209124e-03, -4.25634729e-02]]],


       [[[ 5.53423397e-03,  8.03580745e-04, -9.02918776e-03],
         [ 8.03580745e-04,  5.82939295e-03,  5.18111892e-03],
         [-9.02918776e-03,  5.18111892e-03,  2.66975533e-03]],

        [[ 8.03580745e-04,  5.82939295e-03,  5.18111892e-03],
         [ 5.82939295e-03,  8.95934991e-04,  1.16336022e-03],
         [ 5.18111892e-03,  1.16336022e-03,  3.45511799e-03]],

        [[-9.02918776e-03,  5.18111892e-03,  2.66975533e-03],
         [ 5.18111892e-03,  1.16336022e-03,  3.45511799e-03],
         [ 2.66975533e-03,  3.45511799e-03, -6.37761134e-03]]],


       [[[-1.03911748e-02,  4.14695869e-03, -1.35276153e-03],
         [ 4.14695869e-03, -3.45076479e-03, -3.05917120e-04],
         [-1.35276153e-03, -3.05917120e-04, -6.01496352e-03]],

        [[ 4.14695869e-03, -3.45076479e-03, -3.05917120e-04],
         [-3.45076479e-03,  9.44838292e-03, -1.79463622e-03],
         [-3.05917120e-04, -1.79463622e-03,  2.49232072e-03]],

        [[-1.35276153e-03, -3.05917120e-04, -6.01496352e-03],
         [-3.05917120e-04, -1.79463622e-03,  2.49232072e-03],
         [-6.01496352e-03,  2.49232072e-03, -1.11264456e-02]]],


       [[[ 1.03986861e-02,  1.51479603e-02,  2.86064361e-03],
         [ 1.51479603e-02,  4.58525300e-03, -2.32461713e-03],
         [ 2.86064361e-03, -2.32461713e-03,  1.02712157e-02]],

        [[ 1.51479603e-02,  4.58525300e-03, -2.32461713e-03],
         [ 4.58525300e-03,  6.72968917e-02, -2.63294347e-04],
         [-2.32461713e-03, -2.63294347e-04,  1.67972626e-02]],

        [[ 2.86064361e-03, -2.32461713e-03,  1.02712157e-02],
         [-2.32461713e-03, -2.63294347e-04,  1.67972626e-02],
         [ 1.02712157e-02,  1.67972626e-02,  9.82186119e-03]]],


       [[[-1.58406613e-02, -1.12896361e-02,  5.70431156e-04],
         [-1.12896361e-02, -7.92821124e-03, -4.09049010e-03],
         [ 5.70431156e-04, -4.09049010e-03, -1.53521487e-02]],

        [[-1.12896361e-02, -7.92821124e-03, -4.09049010e-03],
         [-7.92821124e-03, -4.77382680e-02, -1.87531268e-03],
         [-4.09049010e-03, -1.87531268e-03, -2.19303552e-02]],

        [[ 5.70431156e-04, -4.09049010e-03, -1.53521487e-02],
         [-4.09049010e-03, -1.87531268e-03, -2.19303552e-02],
         [-1.53521487e-02, -2.19303552e-02, -1.88434831e-02]]],


       [[[-5.44211206e-03, -3.57140387e-03, -4.78000550e-03],
         [-3.57140387e-03, -1.46436561e-03, -1.78398795e-03],
         [-4.78000550e-03, -1.78398795e-03, -2.10166696e-03]],

        [[-3.57140387e-03, -1.46436561e-03, -1.78398795e-03],
         [-1.46436561e-03, -2.01103329e-02, -1.27341346e-03],
         [-1.78398795e-03, -1.27341346e-03, -6.41436953e-03]],

        [[-4.78000550e-03, -1.78398795e-03, -2.10166696e-03],
         [-1.78398795e-03, -1.27341346e-03, -6.41436953e-03],
         [-2.10166696e-03, -6.41436953e-03, -7.87673070e-03]]]]), 'MBIS QUADRUPOLES': array([[[-4.49692762e+00,  4.91053421e-02,  4.32308445e-03],
        [ 4.91053421e-02, -4.38905627e+00,  4.41969340e-02],
        [ 4.32308445e-03,  4.41969340e-02, -4.36843049e+00]],

       [[-4.28708927e+00,  4.94753537e-02,  5.58384561e-02],
        [ 4.94753537e-02, -4.17995349e+00, -5.01643650e-02],
        [ 5.58384561e-02, -5.01643650e-02, -4.25400585e+00]],

       [[-4.21063793e+00,  7.77437847e-02, -8.31711724e-03],
        [ 7.77437847e-02, -4.13407649e+00,  2.96963504e-02],
        [-8.31711724e-03,  2.96963504e-02, -4.17979936e+00]],

       [[-4.35431513e+00, -3.59506081e-02,  4.62276705e-02],
        [-3.59506081e-02, -4.30143229e+00, -5.01656273e-02],
        [ 4.62276705e-02, -5.01656273e-02, -4.43376630e+00]],

       [[-4.12657929e+00,  7.15545830e-02, -5.48009030e-02],
        [ 7.15545830e-02, -4.13384360e+00,  1.58561059e-02],
        [-5.48009030e-02,  1.58561059e-02, -4.25232341e+00]],

       [[-4.40643314e+00, -4.97965237e-03, -6.35029714e-02],
        [-4.97965237e-03, -4.37153313e+00,  8.52031852e-02],
        [-6.35029714e-02,  8.52031852e-02, -4.39502801e+00]],

       [[-2.64663884e-01,  3.04236468e-03, -2.89242384e-04],
        [ 3.04236468e-03, -2.55102315e-01, -4.63011003e-03],
        [-2.89242384e-04, -4.63011003e-03, -2.60037659e-01]],

       [[-5.34657425e-01,  1.11331193e-02, -2.66276764e-03],
        [ 1.11331193e-02, -5.21090236e-01, -4.59078834e-03],
        [-2.66276764e-03, -4.59078834e-03, -5.54659362e-01]],

       [[-5.56946197e-01,  1.42248563e-02, -6.39237504e-03],
        [ 1.42248563e-02, -5.47326431e-01, -1.27533965e-03],
        [-6.39237504e-03, -1.27533965e-03, -5.62007327e-01]],

       [[-5.90221476e-01,  4.42184070e-03, -1.89471704e-03],
        [ 4.42184070e-03, -5.92724564e-01, -1.31939513e-02],
        [-1.89471704e-03, -1.31939513e-02, -6.27538321e-01]],

       [[-2.49871596e-01,  4.77068664e-03,  2.44234250e-03],
        [ 4.77068664e-03, -2.47802283e-01,  1.64706151e-04],
        [ 2.44234250e-03,  1.64706151e-04, -2.55222806e-01]],

       [[-5.07010414e-01, -1.43469308e-03, -8.62381757e-03],
        [-1.43469308e-03, -5.24318918e-01, -5.54924930e-03],
        [-8.62381757e-03, -5.54924930e-03, -5.29849056e-01]],

       [[-5.29318360e-01, -5.06146326e-03, -6.11298901e-03],
        [-5.06146326e-03, -5.48085966e-01, -3.30741603e-04],
        [-6.11298901e-03, -3.30741603e-04, -5.42375601e-01]],

       [[-2.67852239e-01,  5.29987216e-03, -2.83565861e-03],
        [ 5.29987216e-03, -2.70104496e-01,  6.02530788e-04],
        [-2.83565861e-03,  6.02530788e-04, -2.75986754e-01]]]), 'MBIS RADIAL MOMENTS <R^2>': <psi4.core.Matrix object at 0x7fc8cc3bf6b0>, 'MBIS RADIAL MOMENTS <R^3>': <psi4.core.Matrix object at 0x7fc8cc3bf9b0>, 'MBIS RADIAL MOMENTS <R^4>': <psi4.core.Matrix object at 0x7fc8cc3bf290>, 'MBIS VALENCE WIDTHS': <psi4.core.Matrix object at 0x7fc8cc3bf7d0>, 'MULLIKEN CHARGES': array([-0.73562606, -0.02149214,  0.15246186, -0.73124444, -0.00199443,
       -0.71991237,  0.43334344,  0.17045803,  0.14347207,  0.09987302,
        0.4405069 ,  0.17423704,  0.16712353,  0.42879355]), 'QUADRUPOLE': array([[-32.41452357,  -5.42234779,   2.37765457],
       [ -5.42234779, -24.72565359,   2.37343665],
       [  2.37765457,   2.37343665, -25.55989904]]), 'SCF DIPOLE': array([-0.93091811, -0.38023073, -0.90163713]), 'SCF TOTAL ENERGIES': array([-341.86142884, -342.60940433, -342.74901883, -342.78628803,
       -342.78826179, -342.78837783, -342.78838836, -342.78838931,
       -342.78838938])}

       